scope	id/row	beforeMaxGap	afterMaxGap	beforeWidthGap>=1.4m	afterWidthGap>=1.4m	newCrossingFrames
meters	124	1.1877816731448827	1.4828816086544516	0	0.5211628302416669	0
meters	125	1.2032285732880754	1.498438654537727	0	0.6182192408399949	0
meters	126	1.192469327095234	1.4978070792186688	0	0.6453519987366215	0
meters	127	1.205670540929749	1.5133011135286611	0	0.6948626210595078	0
meters	128	1.213434148378387	1.5202146868847066	0	0.7213123767244739	0
illustrative_h0=7m	pad19-a20-l12	0.4816942050826505	0.7453016255047278	0	0	0
illustrative_h0=7m	pad19-a30-l12	1.1724845716402048	1.4759676318088157	0	0.568345237286364	0
illustrative_h0=7m	pad19-a45-l12	1.7479060877917538	2.1096392900027356	1.3912890881802251	1.8335388397151695	0
illustrative_h0=7m	periodic-padang19s-l12	0.4922854518380544	0.7433010249745373	0	0	0
illustrative_h0=7m	periodic-point21-a15-l12	0.5461324865555469	0.7868130726628855	0	0	1
illustrative_h0=7m	periodic-point21-a23-l12	0.7224459233892695	0.9704826533638741	0	0	0
illustrative_h0=7m	periodic-point21-a30-l12	1.2798638147436667	1.6164430817156445	0	0.9664094032860382	0
illustrative_h0=7m	periodic-reef42-l12	0.6956579616045554	1.1346432556444643	0	0	1
